Genus	Peri-implantitis	Mucositis	Health	Mucositis	Mucositis	Peri-implantitis	Health	Health	Peri-implantitis	Peri-implantitis	Peri-implantitis	Peri-implantitis	Health	Health	Health	Health	Health	Health	Health	Health	Health	Health	Peri-implantitis	Mucositis	Mucositis	Mucositis	Mucositis	Mucositis	Mucositis	Health	Health	Health	Mucositis	Mucositis	Mucositis	Mucositis	Health	Mucositis	Mucositis	Mucositis	Peri-implantitis	Health	Health	Health	Mucositis	Mucositis	Health	Health	Health	Peri-implantitis	Peri-implantitis	Peri-implantitis	Peri-implantitis	Mucositis	Peri-implantitis	Mucositis	Health	Health	Peri-implantitis	Peri-implantitis	Health	Health	Mucositis	Peri-implantitis	Peri-implantitis	Peri-implantitis	Health	Peri-implantitis	Mucositis	Mucositis	Mucositis	Mucositis	Mucositis	Mucositis	Mucositis	Health	Health	Health	Health	Peri-implantitis	Health	Health	Health	Health	Health	Health	Mucositis	Peri-implantitis	Mucositis	Peri-implantitis	Health	Peri-implantitis	Health	Peri-implantitis	Health	Health	Mucositis	Mucositis	Mucositis	Mucositis	Mucositis	Mucositis	Mucositis	Peri-implantitis	Mucositis	Mucositis	Peri-implantitis	Peri-implantitis	Peri-implantitis	Peri-implantitis	Peri-implantitis	Peri-implantitis	Health	Peri-implantitis	Health	Health	Health	Health	Health	Health	Health	Health	Health	Health	Health	Health	Health
Actinomyces	5	0	0	0	2	0	0	0	0	0	0	0	6	1	0	0	0	0	0	0	1	8	0	0	0	0	0	0	0	0	0	0	0	0	0	2	2	0	0	0	0	0	5	0	0	57	156	166	1	103	1	0	3	7	69	1182	0	1	64	0	83	1	0	0	0	0	1	4	0	0	0	0	0	4	0	0	0	1	0	0	0	5	0	0	23	0	0	3	2	0	38	3	1	0	5	0	24	0	0	1	42	1	11	0	0	1	0	0	0	0	5	0	2	0	0	0	0	0	2	0	0	0	13	0	0	0	0
Actinomyces	0	0	14	1	4	0	0	0	0	0	0	0	14	0	2	0	0	0	985	1661	0	0	0	0	0	0	1	0	1	0	17	0	0	0	0	15	1	2	0	19	0	0	1	0	0	20	0	0	2	47	0	3	1	0	0	0	0	0	0	0	0	0	0	0	0	0	0	0	20	0	27	110	1	4	0	52	11	149	0	0	0	0	0	58	66	1	0	0	8	96	35	51	0	44	31	0	5	3	13	2	3	11	0	2	0	0	0	0	0	0	0	0	3	0	0	0	0	2	2	0	0	0	0	0	0	0	6
Actinomyces	0	0	0	0	0	0	0	3	33	0	0	0	0	35	21	4	13	2	12	0	0	0	0	0	0	0	0	0	0	0	0	0	0	0	0	0	0	1	0	0	0	0	0	0	0	0	1	0	0	0	0	0	0	0	0	1	0	0	0	0	1	0	0	0	0	2	0	0	0	0	0	1	0	0	0	14	1	12	0	0	0	0	0	15	38	1	0	0	0	0	15	7	3	0	0	0	0	0	0	0	0	7	0	2	0	0	0	0	0	0	0	0	2	0	7	23	2	0	2	0	0	0	3	7	9	0	0
Actinomyces	0	0	0	0	0	0	0	0	0	0	0	0	0	0	0	0	0	0	0	0	0	0	0	0	0	0	0	0	0	0	0	0	0	0	0	0	0	0	0	0	0	0	0	0	0	0	0	0	0	0	0	0	0	0	0	0	0	0	0	0	0	0	0	0	0	0	0	0	0	0	0	0	0	0	0	0	0	0	0	0	0	0	0	0	0	0	0	0	0	0	0	0	0	0	0	0	0	0	0	0	0	0	0	0	0	0	0	0	0	0	0	0	0	0	0	0	0	0	0	0	0	0	0	0	0	0	0
Actinomyces	3	1	9	0	0	94	22	32	447	10	6	16	28	1	0	0	2	0	0	0	10	2	3	1	0	0	1	0	8	0	13	0	1	8	4.5	5	2	13	0	0	19	0	5	0	9	6	16	6	1	5	6	23	3	5	2	84	0	0	16	46	9	4	0	1	27	13	0	11	0	2	3	1	162	0	1	0	0	0	11	0	1	42	0	0	1	0	0	1	19	0	1	8	0	0	10	6	0	11	2	251	21	19	8	0	11	9	32	17	0	31	41	7	0	0	0	4	119	4	8	0	0	0	2	246	0	4	8
Actinomyces	0	2	0	2	0	0	0	0	0	0	0	0	14	2	0	0	0	0	0	0	0	2	0	0	0	0	0	0	1	0	0	0	0	0	0	9	0	0	0	0	0	0	0	0	0	383	0	0	0	0	23	3	8	13	0	0	0	0	0	0	0	0	0	0	1	0	0	0	13	0	0	0	0	0	0	0	0	0	0	4	0	0	1	0	0	19	0	0	0	0	0	0	2	0	0	0	0	1	0	0	1	0	1	0	0	0	0	0	0	0	0	0	0	0	0	0	0	0	0	0	0	0	0	0	0	0	0
Actinomyces	0	0	2	1	7	0	0	0	0	0	0	0	5	0	0	0	0	0	0	0	0	0	1	0	1	0	0	0	0	0	0	0	0	0	0	1	0	2	0	2	0	0	0	0	0	15	0	0	9	4	0	0	0	0	0	0	1	0	0	0	0	0	0	0	0	0	0	0	20	0	0	33	0	0	3	0	0	0	8	2	0	0	3	1	3	5	0	0	0	0	1	0	0	0	0	2	0	0	18	1	0	9	2	2	0	0	0	0	0	0	0	0	0	0	0	0	0	4	27	25	6	26	0	0	0	0	16
Actinomyces	0	2	1	3	16	0	0	0	0	0	0	0	0	0	0	0	0	0	0	0	5	8	2	6	10	1	5	15	31	0	0	0	9	26	17.5	12	0	6	0	200	95	0	0	0	0	558	1	0	0	0	6	4	7	9	0	0	12	0	0	4	6	107	0	0	0	55	0	0	1	25	0	26	255	1	1	110	41	84	0	0	0	0	2	14	69	192	0	0	2	34	3	0	0	2	114	6	38	1	1	0	0	11	0	2	0	0	0	0	0	0	0	0	0	0	0	98	1	81	78	106	63	24	12	4	0	0	55
Actinomyces	0	3	0	0	0	0	0	0	0	0	0	0	0	0	0	0	0	0	0	0	0	0	0	0	0	0	0	0	0	0	0	0	0	0	0	0	0	0	0	0	0	0	0	0	0	0	0	0	0	0	0	0	0	0	0	0	0	0	0	0	0	0	0	0	0	0	0	0	0	0	0	0	0	0	0	0	0	0	0	0	0	0	0	0	0	0	0	0	0	0	0	0	0	0	0	0	0	0	0	0	0	0	0	0	0	1	0	0	0	0	0	0	0	0	0	0	0	0	0	0	0	0	0	0	0	0	0
Actinomyces	0	1	5	6	5	0	0	0	0	0	0	0	41	0	0	0	0	0	0	0	0	0	0	0	0	0	0	0	0	52	75	536	0	1	0.5	0	87	0	51	1	0	9	162	105	11	31	0	0	0	0	1	0	3	7	0	0	0	0	0	0	0	0	0	0	0	0	0	0	7	0	15	0	0	0	1	0	0	0	33	32	3	0	24	362	2399	14	0	2	0	0	3618	270	8	0	11	0	3	6	1	0	24	0	44	0	0	0	0	34	6	78	8	1	0	0	0	0	0	107	71	214	26	191	0	0	0	0	1
Actinomyces	21	1	5	14	8	0	0	0	0	0	0	0	58	95	37	1	34	163	100	25	226	30	0	5	0	0	4	6	24	0	2	0	1	3	2	26	1	1	0	28	14	0	0	0	0	95	3	0	1	1	13	6	88	1	0	2	0	0	0	0	48	0	0	0	0	0	0	6	66	4	3	7	0	0	34	0	0	0	183	40	0	0	23	0	0	0	11	0	64	0	0	0	4	0	17	42	17	4	37	1	0	9	8	27	9	0	0	0	0	0	0	0	8	0	29	678	115	0	1	1	0	0	307	377	452	32	0
Actinomyces	0	1	3	2	0	0	0	0	0	0	0	0	0	0	0	0	0	0	0	0	118	29	0	0	3	0	0	0	0	0	0	0	0	0	0	0	0	0	0	0	0	0	0	0	1	4	0	2	14	65	0	0	0	0	1	8	0	0	11	0	0	0	0	0	0	0	0	0	2	0	0	28	0	0	76	0	0	0	0	0	0	0	0	0	0	0	0	0	0	0	0	0	0	0	0	0	0	0	0	0	0	0	0	0	0	0	0	0	0	0	0	0	0	0	0	0	0	0	0	0	0	0	0	0	0	0	0
Actinomyces	0	1	0	0	0	0	0	0	0	0	0	0	0	0	0	0	0	0	0	0	0	27	0	0	0	0	1	0	0	0	3	17	0	2	1	0	3	0	3	76	16	0	8	3	0	11	0	7	8	76	1	2	4	0	4	16	0	0	13	49	0	0	0	0	135	13	0	0	6	0	2	0	0	0	0	0	0	0	0	0	0	0	2	2	0	3	3	0	0	0	6	1	5	0	0	0	0	0	0	0	0	0	0	0	0	0	0	19	0	2	1	13	0	0	0	0	0	15	22	36	5	37	0	2	0	0	0
Actinomyces	0	0	0	15	17	0	0	0	0	0	0	0	5	3	0	0	1	0	0	0	2	3	0	0	0	0	0	0	0	69	93	485	0	0	0	0	74	0	88	0	0	7	209	82	9	2	0	0	5	0	0	0	0	0	0	0	7	5	0	0	0	0	0	0	0	0	0	0	2	0	0	1	0	0	7	151	4	108	0	0	2	0	16	0	0	0	0	0	0	0	0	0	6	0	5	0	21	11	11	0	0	104	0	45	1	0	0	103	0	16	29	0	1	0	0	0	0	2	0	1	0	1	0	1	1	0	0
Actinomyces	0	1	0	0	0	0	0	0	0	0	0	0	0	0	0	0	0	0	0	0	0	0	0	0	0	0	0	0	0	0	0	0	0	0	0	0	0	0	0	0	0	0	0	0	0	20	0	0	0	0	0	0	0	1	0	0	0	0	0	0	0	0	0	0	0	0	0	0	0	0	0	0	0	0	0	0	0	0	0	0	0	0	0	0	0	0	0	0	0	0	0	0	0	0	0	0	0	0	0	0	0	0	3	0	0	0	0	0	0	0	0	0	0	0	0	0	0	0	32	1	25	0	0	0	0	0	0
Actinomyces	0	0	0	0	0	0	0	0	0	0	0	0	2	0	0	0	0	0	0	0	0	0	0	0	0	0	0	0	0	0	0	0	0	0	0	0	0	0	0	0	0	0	0	0	0	0	0	0	0	0	5	0	1	0	0	0	0	0	0	0	3	0	0	0	0	0	0	0	0	0	0	3	0	4	0	0	1	0	0	0	0	0	0	0	0	4	0	0	14	0	0	0	0	0	0	0	4	0	0	0	0	2	0	0	0	0	0	0	0	0	0	0	0	0	0	0	0	0	0	0	0	0	0	0	0	0	0
Actinomyces	4	4	0	0	0	0	0	0	0	0	0	0	3	0	0	0	0	0	0	0	5	5	0	0	0	0	0	0	22	0	19	0	0	0	0	7	0	2	0	0	0	0	6	0	4	7	5	0	1	13	5	14	1	5	2	5	1	0	3	14	2	0	0	0	5	0	0	0	16	0	1	86	13	0	6	0	1	117	0	0	0	3	0	0	0	1	0	0	21	0	0	2	1	0	3	1	0	6	0	4	9	34	4	0	0	2	5	0	0	1	1	0	2	0	0	0	0	0	0	0	0	0	0	0	0	0	7
Actinomyces	0	0	0	0	0	0	0	0	0	0	0	0	0	1	0	0	0	0	0	0	0	0	0	0	0	0	0	0	0	0	0	0	0	0	0	0	0	0	0	0	0	0	0	0	0	2	0	0	0	0	0	0	0	0	0	0	0	0	0	0	0	0	0	0	0	0	0	0	0	0	0	0	0	0	0	0	0	0	0	0	0	0	0	0	0	0	0	0	0	0	0	0	0	0	26	0	0	0	0	0	0	0	0	0	0	0	0	0	0	0	0	0	0	0	0	0	0	0	1	0	0	0	0	0	0	0	0
Actinomyces	17	0	0	0	0	0	0	0	0	2	5	6	19	3	0	0	0	0	0	0	4	1	0	0	0	0	0	0	0	0	24	0	0	0	0	6	23	6	0	0	0	0	23	1	6	11	0	0	0	0	0	0	0	1	0	0	0	0	0	44	16	0	0	0	2	0	0	1	0	0	1	28	0	0	7	0	0	0	0	1	0	17	0	0	1	0	0	0	0	0	0	1	0	0	0	0	0	13	1	0	27	0	28	1	0	5	94	41	4	66	133	19	0	0	0	0	0	1	7	0	13	0	0	0	0	0	0
Actinomyces	0	0	0	0	0	0	0	0	0	0	0	0	0	0	0	0	0	0	0	0	13	3	0	0	0	0	0	0	0	0	0	0	0	0	0	0	0	0	0	0	0	0	0	0	0	182	0	0	0	0	0	0	0	14	0	0	0	0	0	0	0	0	0	0	0	0	0	0	0	0	0	0	0	0	0	0	0	0	0	0	0	0	0	0	0	0	0	0	0	0	0	0	0	0	0	0	0	0	0	0	0	0	0	0	0	0	0	0	0	0	0	0	0	0	0	0	0	0	0	0	0	0	0	0	0	0	0
Fusobacterium	7	0	0	0	0	0	0	0	0	0	0	0	0	0	0	0	0	0	0	0	0	0	0	0	0	0	0	0	0	0	0	0	0	0	0	0	0	0	0	0	0	0	0	0	0	0	1	0	0	0	0	0	1	0	0	0	0	0	0	0	0	0	0	0	0	0	0	0	0	0	0	0	0	1	0	0	0	0	0	0	0	0	0	0	0	0	2	5	0	0	1	0	3	0	12	0	0	0	0	0	0	0	0	0	0	0	2	1	0	8	2	4	0	0	0	0	0	0	0	0	0	0	0	0	0	0	0
Fusobacterium	0	0	0	0	0	0	0	0	0	0	0	0	0	0	0	0	0	0	0	0	0	0	0	0	0	0	0	0	0	0	0	0	0	0	0	0	0	0	0	0	0	0	0	0	0	0	0	0	0	0	0	0	0	0	0	0	0	0	0	0	0	0	0	0	0	0	0	0	0	0	0	0	0	0	0	0	0	0	0	0	0	0	0	0	0	0	0	0	0	0	0	0	0	0	0	0	0	0	0	0	0	0	0	0	0	0	0	0	0	0	0	0	0	0	0	0	0	0	0	0	0	0	0	0	0	0	0
Fusobacterium	95	12	0	62	20	2	6	1	0	325	220	1865	27	2	0	19	6	0	1	5	55	101	30	45	0	2	96	0	0	14	1	0	1	0	0.5	1	2	0	5	213	1759	1	4	7	7	39	0	38	116	2	127	358	106	597	0	2	2	3	25	131	757	3	133	353	375	141	3	2	16	1	16	3	2	407	1	8	39	4	0	222	0	106	1	0	16	70	2	59	1143	1475	214	43	47	2518	44	60	0	146	29	6	12	1	5	1	0	10	763	1016	26	282	302	758	55	1918	38	0	1	1	0	0	0	0	91	5	3	0	1034
Fusobacterium	1	0	0	0	0	1	0	1	0	0	0	0	0	0	0	1	0	0	0	0	0	0	0	0	0	0	0	0	0	0	0	0	0	0	0	0	0	0	0	0	0	0	0	0	0	0	0	0	0	0	0	0	0	0	0	0	0	1	0	0	0	0	0	0	0	0	0	0	0	0	0	1	0	1	0	1	5	1	0	0	0	0	0	0	0	0	0	1	0	5	1	0	0	0	0	0	0	1	0	0	0	1	0	0	0	0	1	0	1	2	1	0	0	0	0	0	0	0	0	0	0	0	0	0	0	0	0
Fusobacterium	724	0	0	2	0	361	191	33	3	0	0	0	0	0	0	0	0	0	0	0	0	1070	24	5	18	2	2	0	0	0	0	0	0	0	0	0	0	0	0	0	0	0	0	0	0	0	4	17	8	1	289	435	205	0	1	0	0	0	13	0	0	0	0	0	0	0	0	0	0	0	0	0	0	0	0	0	0	0	0	0	0	0	6	4	0	0	0	5	0	0	278	24	19	0	0	0	1	0	0	0	0	0	3	0	2	0	0	0	0	0	0	0	0	0	0	0	0	0	0	0	0	0	0	0	0	0	0
Fusobacterium	0	0	0	0	0	0	0	0	0	0	0	0	0	0	0	0	0	0	0	0	0	0	0	0	0	0	0	0	1	0	0	0	0	0	0	0	0	0	0	0	0	0	0	0	0	0	0	0	0	0	0	0	0	0	0	0	0	0	0	0	0	0	0	0	0	0	0	0	0	0	0	0	0	0	0	0	0	0	0	0	0	0	0	0	0	0	0	0	0	0	0	0	0	0	0	0	0	0	0	0	0	0	0	0	0	0	0	0	0	0	0	0	0	0	0	0	0	0	0	0	0	0	0	0	0	0	0
Fusobacterium	34	622	0	96	453	0	0	0	0	1578	651	3271	168	43	0	33	0	0	0	0	983	782	23	93	4	0	354	0	0	110	1919	17	0	0	0	2	312	1	32	124	1466	1	2368	49	1473	326	85	1470	674	799	1063	941	172	128	67	72	0	0	877	608	345	155	86	166	1010	428	6	18	61	0	40	0	245	54	0	0	0	0	3	272	47	1108	21	2	13	346	20	389	363	0	242	376	579	0	268	868	0	552	168	9	2	0	75	0	4	71	1316	2222	28	467	227	1227	37	568	25	28	3	0	0	0	0	0	217	3	6	1	18
Fusobacterium	3	0	0	0	0	0	0	0	0	0	0	0	1	74	3	25	22	2	2	0	4	1	0	3	0	5	2	1	50	0	0	0	0	1	0.5	3	3	6	0	0	0	0	0	0	0	13	74	6	54	3	0	0	0	0	2	16	0	0	14	0	29	0	0	0	0	0	0	0	1	13	2	0	0	2	0	2	0	0	0	0	1	0	5	13	16	1	12	4	1	0	16	0	12	0	3	7	0	0	2	0	0	0	2	0	0	0	0	0	1	1	3	1	0	0	0	19	2	7	1	10	26	9	11	6	5	0	0
Fusobacterium	1	629	1236	0	0	0	4	0	0	0	0	0	0	0	0	0	0	0	0	0	123	258	269	715	13	2	544	3	1998	0	0	0	17	52	34.5	3450	0	965	7	0	0	0	0	0	0	68	0	815	321	0	86	269	185	92	0	0	56	12	0	69	161	235	0	0	534	797	25	0	1	208	0	705	0	0	1523	426	1	0	0	0	2	0	0	20	5	0	0	28	1210	0	106	10	1	0	0	0	0	0	1	0	0	0	44	0	0	0	1	0	0	1	3	1	0	0	0	0	0	0	0	0	0	0	0	0	0	0	2
Fusobacterium	0	48	0	0	0	0	0	0	0	207	56	100	0	2	0	0	0	0	0	0	0	6	0	0	0	0	0	0	0	0	0	0	0	0	0	0	0	0	0	0	0	0	0	0	0	2	0	0	16	0	0	0	0	56	1	0	1	2	0	0	0	0	0	0	0	0	0	0	0	0	1	0	0	41	0	0	0	0	0	0	0	2	1	0	0	203	14	102	0	0	0	2	4	0	3	16	0	27	1	0	0	0	2	0	0	0	32	36	0	27	6	18	0	0	0	0	0	0	0	0	0	0	0	0	0	0	115
Fusobacterium	0	1	0	0	0	0	0	0	0	0	0	0	0	0	0	0	0	0	0	0	0	0	0	0	0	0	0	0	0	0	0	0	0	0	0	0	0	0	0	0	0	0	0	0	0	1	0	2	0	0	0	0	0	0	0	0	0	0	0	0	0	0	0	0	0	2	0	0	0	0	0	0	0	0	0	0	0	0	0	0	0	0	0	0	0	0	0	0	0	0	0	0	0	0	0	0	0	0	0	0	0	0	0	0	0	0	0	0	0	0	0	0	0	0	0	0	0	0	0	0	0	0	0	0	0	0	0
Fusobacterium	0	0	0	0	0	0	0	0	0	0	0	0	0	0	0	0	0	0	0	0	0	0	0	0	0	0	0	0	0	0	0	0	0	0	0	0	0	0	0	0	0	0	0	0	0	0	0	0	0	0	0	0	0	4	0	0	0	0	0	0	0	0	0	0	0	0	0	0	0	0	0	0	0	0	0	0	0	0	0	0	0	0	0	0	0	0	0	0	0	0	0	0	0	0	0	0	0	0	0	0	0	0	0	0	0	0	0	0	0	0	0	0	0	0	0	0	0	0	0	0	0	0	0	0	0	0	0
Fusobacterium	0	0	0	0	0	0	0	0	0	0	0	0	0	0	0	0	0	0	0	0	0	0	0	0	0	0	0	0	0	0	0	0	0	0	0	0	0	0	0	0	0	0	0	0	0	0	0	0	0	0	0	0	0	0	0	0	0	0	0	0	0	0	0	0	0	0	0	0	0	0	0	0	0	0	0	0	0	0	0	0	0	0	0	0	0	0	1	6	0	0	0	0	0	0	0	0	0	0	0	0	0	0	0	0	0	0	0	0	0	0	0	0	0	0	0	0	0	0	0	0	0	0	0	0	0	0	0
Fusobacterium	452	514	0	167	93	965	66	69	2512	408	1075	1892	1266	276	9	105	36	26	200	1377	1028	674	3	75	5	0	161	0	139	31	958	13	40	170	105	1021	172	482	0	10	195	0	1238	19	932	1317	131	458	10	591	1040	1135	140	1050	161	385	765	1038	1439	2266	380	232	156	376	2705	572	15	164	330	343	1769	1067	152	2267	497	1904	1125	3780	16	99	20	1066	6	194	254	195	23	547	143	2609	122	393	254	4334	252	143	77	1511	133	515	958	2360	149	15	6	184	572	385	91	2059	1714	1771	524	241	12	38	1926	211	3	0	3	0	170	239	2	1	575
Fusobacterium	567	61	196	24	140	191	13	49	68	6	3	16	12	174	30	15	19	9	199	8	7	19	43	79	11	34	9	24	424	26	557	13	2	16	9	18	92	14	18	81	0	6	514	20	398	292	471	206	106	8	32	35	57	30	94	189	23	20	69	1	35	10	22	111	10	3	17	2	123	86	580	283	811	167	218	15	45	20	8	6	5	4	84	39	171	17	181	170	24	0	173	481	224	0	81	13	13	6	118	0	1	0	387	1	1	0	305	342	28	387	1039	865	15	83	0	154	3	291	538	117	750	37	22	1244	38	2	634
Porphyromonas	0	0	0	0	0	0	0	0	0	0	0	0	0	0	0	0	0	0	0	0	0	0	0	0	0	0	0	0	0	0	0	0	0	0	0	0	0	0	0	0	0	0	0	0	0	0	0	4	0	0	0	0	0	0	0	0	0	0	1	0	0	0	0	0	0	1	0	0	0	0	0	0	0	0	0	0	0	0	0	0	0	1	0	0	0	0	0	0	0	0	0	0	1	0	0	0	0	0	0	0	0	0	1	0	0	0	0	2	6	1	0	3	0	0	0	0	0	0	0	0	0	0	0	0	0	0	0
Streptococcus	0	0	0	0	0	0	0	0	0	0	0	0	0	0	0	0	0	0	0	0	0	0	0	0	0	0	0	0	0	0	0	0	0	0	0	0	0	0	1	0	0	0	0	0	0	0	0	0	0	0	0	0	0	0	0	0	0	0	0	0	0	0	0	0	0	0	0	0	0	0	0	0	1	0	0	0	0	0	0	0	0	0	1	0	0	0	0	0	0	0	3	0	1	0	0	0	0	0	0	0	0	0	0	0	0	0	0	0	0	0	0	0	0	0	0	0	0	0	0	0	1	0	0	0	0	0	0
Streptococcus	273	6	191	47	5	71	35	38	45	0	0	0	12	252	64	125	62	78	134	4	35	133	151	40	167	125	173	7	18	75	9	30	1	18	9.5	1	67	2	150	4248	328	0	26	77	17	4	197	192	513	30	47	16	65	2	31	27	17	10	12	59	2	16	67	33	3	475	3	170	98	111	49	8	398	1287	6	15	51	34	5	14	16	2	137	39	348	127	376	183	0	4	376	243	222	1	6	46	24	50	104	14	11	9	95	5	2	0	0	5	0	2	0	0	30	0	86	44	0	8	9	31	1	2	10	5	13	0	84
Streptococcus	3	2	0	0	0	1	0	0	0	0	0	0	0	1	1	1	0	1	0	0	3	9	17	3	1	2	0	1	0	1	0	1	0	0	0	0	2	0	0	5	2	1	0	2	1	0	5	8	5	0	0	0	1	0	2	3	0	1	1	0	0	0	1	0	0	0	0	1	3	1	0	0	4	8	0	1	0	0	0	0	0	0	10	0	4	0	4	2	0	0	5	10	13	0	1	1	0	1	2	0	0	0	2	0	0	0	1	3	0	0	2	0	0	0	0	0	0	0	0	6	0	1	0	1	1	0	0
Fusobacterium	0	0	0	0	0	0	0	0	0	0	0	0	0	0	0	0	0	0	0	0	0	0	0	0	0	0	0	0	0	0	0	0	0	0	0	0	0	0	0	0	0	0	0	0	0	0	0	0	0	0	0	0	0	0	0	0	0	0	0	0	0	0	0	0	0	0	0	0	0	0	0	0	0	0	0	0	0	0	0	0	0	0	0	0	0	0	0	0	0	0	0	1	0	0	0	0	0	0	0	0	0	0	0	0	0	0	0	0	0	0	0	0	0	0	0	0	0	0	0	0	0	0	0	0	0	0	0
Streptococcus	580	55	0	62	7	0	0	0	0	0	0	0	422	33	0	7	0	0	1	0	315	137	0	1	0	0	0	0	0	0	0	0	0	1	0.5	0	0	1	1	0	1	0	0	1	0	1	0	0	0	0	0	0	0	0	0	0	0	0	0	277	166	4	0	0	698	17	0	2	0	0	366	0	346	0	0	0	7	5	0	0	4	41	0	0	0	0	3	24	4	2	0	1	59	0	140	0	6	0	0	0	1	5	0	3	18	0	184	37	56	115	72	200	0	0	0	1	0	0	0	0	1	0	73	0	0	0	0
Porphyromonas	2	0	0	0	0	0	0	0	0	0	0	0	0	0	0	0	0	0	0	0	0	1	0	0	0	0	0	0	0	0	0	0	0	0	0	0	0	0	0	0	0	0	0	0	0	0	0	1	0	0	0	0	0	0	0	0	0	0	0	0	0	0	0	0	0	0	0	0	0	0	0	0	0	0	0	0	0	0	0	0	0	0	0	0	0	0	0	1	0	0	0	0	0	0	0	0	0	0	0	0	0	0	0	0	0	0	0	0	0	0	0	0	0	0	0	0	0	0	0	0	0	0	0	0	0	0	0
Fusobacterium	0	0	0	0	0	0	0	0	0	0	0	0	0	0	0	0	0	0	0	0	0	0	0	0	0	0	0	0	0	0	0	0	0	0	0	0	0	0	0	0	0	0	0	0	0	0	0	0	0	0	0	0	0	0	0	0	0	0	0	0	0	0	0	0	0	0	0	0	0	0	0	0	0	0	0	0	0	0	0	0	0	0	0	0	0	0	0	0	0	0	0	0	0	0	0	0	0	0	0	0	0	0	0	0	0	0	0	1	0	0	0	0	0	0	0	0	0	0	0	0	0	0	0	0	0	0	2
Streptococcus	292	93	1046	407	31	436	118	253	397	0	0	0	2	240	228	481	341	436	326	4	516	1988	729	231	570	333	1026	23	61	231	26	68	19	56	37.5	13	333	2	452	1107	78	2	10	195	117	88	705	1461	3218	63	325	128	347	26	106	213	149	125	64	4	0	0	80	24	0	36	7	111	363	171	39	177	84	1331	38	28	90	25	18	24	152	18	119	182	2088	8	223	53	1	1	2413	1460	328	1	47	198	185	345	336	64	60	6	259	0	2	5	1	77	3	17	13	10	28	0	161	430	3	6	12	26	4	10	37	32	118	0	147
Porphyromonas	0	1	0	0	0	0	0	0	0	0	0	0	0	0	0	0	0	0	0	0	0	0	0	0	0	0	0	0	0	0	0	0	0	0	0	0	0	0	0	0	8	0	0	0	0	0	0	1	0	0	4	3	0	0	0	0	1	0	1	0	0	1	0	0	0	0	0	0	0	0	0	0	0	0	0	0	0	0	0	0	0	2	1	0	0	0	0	0	0	0	0	0	1	0	0	0	0	0	0	0	0	0	2	0	1	0	3	0	4	1	2	1	0	1	0	0	0	0	0	0	0	0	0	0	0	0	0
Streptococcus	0	0	0	0	0	0	0	0	0	0	0	0	0	0	0	0	0	0	0	0	0	0	0	0	0	0	0	0	0	0	0	0	0	0	0	0	0	0	0	0	0	0	0	0	0	0	0	0	0	0	0	2	0	0	0	0	0	0	0	0	0	0	0	0	0	0	0	0	0	0	0	0	0	0	0	0	0	0	0	0	0	0	0	0	0	0	0	0	0	0	0	0	1	0	0	0	0	0	0	0	0	0	0	0	0	0	0	0	0	0	0	0	0	0	0	0	0	0	0	0	0	0	0	0	0	0	0
Streptococcus	0	0	0	0	0	0	0	0	0	0	0	0	0	0	0	0	0	0	0	0	0	0	0	0	0	0	0	0	0	0	0	0	0	0	0	0	0	0	0	0	0	0	0	0	0	0	0	0	0	0	0	0	0	0	0	0	0	0	0	0	0	0	0	0	0	0	0	0	2	0	0	0	0	0	0	0	0	0	0	0	0	0	0	0	0	0	0	0	0	0	0	0	0	0	0	0	0	0	0	0	0	0	0	0	0	0	0	0	0	0	0	0	0	0	0	0	0	0	0	1	0	0	0	0	0	0	0
Streptococcus	0	0	0	0	0	0	0	0	0	0	0	0	0	0	0	0	0	0	0	0	0	0	0	0	0	0	0	0	0	0	0	0	0	0	0	0	0	0	0	0	0	0	0	0	0	0	0	5	0	0	0	0	0	0	0	0	0	0	0	0	0	0	0	0	0	0	0	0	0	0	0	0	0	0	1	0	0	0	0	0	0	0	0	0	0	0	0	0	0	0	0	1	0	0	0	0	0	0	0	0	0	0	0	0	0	0	0	0	0	0	0	0	0	0	0	0	0	0	0	0	0	0	0	0	0	0	0
Streptococcus	0	0	0	0	0	0	0	0	0	0	0	0	0	0	0	0	0	0	0	0	0	0	0	0	0	0	0	0	0	0	0	0	0	0	0	0	0	0	0	0	0	0	0	0	0	0	0	0	0	0	0	0	0	0	0	0	0	0	0	0	0	0	0	0	0	0	0	0	0	0	0	0	0	0	0	0	0	0	0	0	0	0	1	0	0	0	0	0	0	0	0	0	0	0	0	0	8	0	0	0	0	0	0	0	0	0	0	0	0	0	0	0	0	0	0	0	0	0	0	1	0	0	0	0	0	0	0
Porphyromonas	0	0	0	0	0	0	0	0	0	0	0	0	0	0	0	0	0	0	0	0	0	0	0	0	0	0	0	0	0	0	0	0	0	0	0	0	0	0	0	0	0	0	0	0	0	0	0	1	0	1	0	0	0	0	0	0	0	0	0	0	0	0	0	0	0	0	0	0	0	0	0	0	0	0	0	0	0	0	0	0	0	0	0	0	0	0	0	0	0	0	0	0	0	0	0	0	0	0	0	0	0	0	0	0	0	0	0	0	0	0	0	0	0	0	0	0	0	0	0	0	0	0	0	0	0	0	0
Porphyromonas	0	3	0	0	0	0	0	0	0	0	0	0	0	0	0	0	0	0	0	0	0	0	0	0	0	0	0	0	0	0	0	0	0	0	0	0	0	0	0	0	0	0	0	0	0	0	0	0	0	0	0	0	1	0	0	0	0	0	0	0	0	0	0	0	0	0	0	0	0	0	0	0	0	0	0	0	0	0	0	0	0	0	0	0	0	0	0	0	0	0	0	0	0	0	0	0	0	0	0	0	0	0	0	0	0	0	0	0	0	0	0	0	0	0	0	0	0	0	0	0	0	0	0	0	0	0	0
Streptococcus	0	110	423	0	0	20	8	0	3	622	236	1534	0	1	0	18	1	1	0	0	406	54	616	162	28	0	925	0	0	24	613	1	0	1	0.5	0	41	0	35	0	0	1	529	12	1488	98	62	359	6	645	0	1	0	40	198	191	0	0	2718	0	0	1	5	351	0	0	2	8	0	0	1	245	0	150	56	0	1	1	1	0	52	83	0	2	1	155	0	16	0	0	34	249	4	0	19	108	0	184	0	0	0	1	70	0	1	0	0	1	0	46	53	6	158	0	5	0	0	231	0	0	82	0	36	1	0	0	1
Actinomyces	0	0	114	34	45	0	0	0	0	0	0	0	94	27	6	193	65	29	154	4	28	14	2	5	31	0	2	4	105	1	55	1	4	22	13	54	1	52	28	162	51	0	57	1	58	604	5	38	27	222	23	158	28	0	25	13	102	1	36	10	39	0	0	0	2	0	0	50	552	26	63	32	0	30	5	0	0	0	0	7	0	0	1	90	47	19	8	5	7	91	49	66	6	5	2	150	21	1	35	21	640	19	1	46	0	0	0	0	0	1	0	0	0	0	0	14	0	51	94	27	19	9	3	0	0	0	0
Fusobacterium	0	0	0	0	0	0	0	0	0	0	0	0	0	0	0	0	0	0	0	0	0	0	0	0	0	0	0	0	0	0	0	0	0	0	0	0	0	0	0	0	0	0	0	0	0	0	0	0	0	0	0	0	0	0	0	0	0	0	0	0	0	0	0	0	0	0	0	0	0	0	0	0	0	0	0	0	0	0	0	0	0	0	0	0	0	0	0	0	0	0	0	0	0	0	0	0	0	0	19	0	0	0	0	0	0	0	0	0	0	0	0	0	0	0	0	0	0	0	0	0	0	0	0	0	0	0	0
Actinomyces	0	2	74	7	52	0	0	0	0	0	0	0	24	193	58	8	137	250	130	37	13	8	1	13	0	2	7	3	16	61	63	548	1	1	1	4	114	2	57	42	9	6	139	106	11	68	7	0	22	6	20	18	182	1	3	4	3	6	2	0	2	0	0	0	0	0	0	0	338	4	1	33	0	0	26	0	0	0	110	11	3	0	9	1	7	313	5	2	3	1	5	2	11	0	1	41	29	2	12	1	3	5	7	6	1	0	1	33	0	6	13	0	0	0	0	52	1	109	86	86	18	37	0	6	1	0	0
Porphyromonas	0	0	0	0	0	0	0	0	0	2	13	0	0	0	0	0	0	0	0	0	0	0	0	0	0	0	0	0	0	0	0	0	0	0	0	0	0	0	0	0	0	0	0	0	0	0	0	0	0	0	0	0	0	0	0	0	0	0	0	0	0	0	0	0	0	0	0	0	0	0	0	0	0	0	0	0	0	0	0	0	0	0	0	0	0	0	0	0	0	0	0	0	0	0	0	0	0	0	0	0	0	0	0	0	0	0	0	0	0	0	0	0	0	0	0	0	0	0	0	0	0	0	0	0	0	0	0
Streptococcus	69	620	189	652	2082	33	17	103	12	1	2	0	10	47	113	92	68	54	32	7	98	162	863	155	881	205	122	110	74	119	5	50	168	709	438.5	88	85	56	130	575	95	3	3	142	5	936	1896	608	284	43	18	11	82	6	168	1217	32	12	252	67	1029	433	11	36	0	111	2	21	335	591	317	99	1308	175	445	12	125	19	2880	43	1021	257	163	73	259	27	72	53	1533	2	401	152	935	0	250	40	168	50	108	8	107	9	110	3	0	4	100	174	35	573	730	298	20	0	23	240	7	100	358	482	296	65	72	67	63	1	19
Veillonella	0	0	0	0	0	0	0	0	0	0	0	0	0	0	0	0	0	0	0	0	0	0	0	0	0	0	0	0	0	0	0	0	0	0	0	0	0	0	0	0	0	0	0	0	0	0	0	0	0	0	0	0	0	0	0	0	0	0	0	0	0	0	0	0	0	0	0	0	0	0	0	0	0	0	0	0	0	0	0	0	0	0	0	0	0	0	0	0	0	0	0	0	0	0	0	0	0	0	0	1585	160	0	0	0	0	8	0	0	0	0	0	0	0	0	0	0	0	0	0	0	0	0	0	0	0	0	0
Streptococcus	0	0	0	0	0	0	0	0	0	0	0	0	0	0	0	0	0	0	0	0	0	0	0	0	0	0	0	0	0	0	0	0	0	0	0	0	0	0	0	0	0	0	0	0	0	0	0	0	0	0	0	0	0	0	0	0	0	0	0	0	0	0	0	0	0	0	0	0	0	0	0	0	0	0	0	0	0	0	0	0	0	0	0	0	0	0	0	0	0	0	0	0	0	0	0	0	0	0	0	1	0	0	0	0	0	0	0	0	0	0	0	0	0	0	0	0	0	0	0	0	0	0	0	0	0	2	0
Streptococcus	16	9	4	6	3	1	0	7	4	0	0	0	1	108	497	228	1477	181	241	23	7	18	13	3	8	7	0	1	18	142	50	321	0	1	0.5	4	527	0	44	15	4	23	40	210	7	146	28	21	168	7	26	13	91	17	1	27	22	0	6	17	176	0	223	24	7	7	20	2	89	9	131	23	405	12	12	185	16	150	2	1	135	5	136	62	23	147	32	20	65	4	22	8	187	1	40	24	1	16	6	293	496	25	50	0	1	21	0	9	3	1	0	0	361	0	328	313	29	324	151	478	20	84	102	90	690	4	20
Streptococcus	0	0	0	0	0	0	0	0	0	0	0	0	0	0	0	0	0	0	0	0	0	0	0	0	0	0	0	0	0	0	0	0	0	0	0	0	0	0	0	0	0	0	0	0	0	0	0	0	0	0	0	0	0	0	0	0	0	0	0	0	0	0	0	0	0	0	0	0	17	0	0	0	0	1	0	0	31	0	0	0	0	0	0	0	0	0	0	0	0	0	1	1	0	0	0	0	0	1	0	0	0	0	0	0	0	0	0	0	0	0	0	0	0	0	0	0	0	0	1	0	2	0	0	0	0	0	0
Streptococcus	3	28	27	42	58	1	0	0	7	0	0	0	13	156	1284	1294	1475	530	247	244	16	12	8	0	7	0	0	1	51	634	221	755	4	18	11	38	1778	27	672	31	12	135	126	1317	29	262	0	0	3	3	61	35	66	98	0	9	0	2	2	138	1418	27	193	14	8	23	22	2	833	27	34	93	1	15	31	428	37	256	22	2	335	32	62	653	134	206	14	6	106	3	149	30	98	2	25	9	1	25	1	3	7	98	9	20	0	2	1	23	0	1	3	1	313	0	392	130	10	21	11	22	7	45	26	45	451	1	22
Streptococcus	0	0	0	0	0	0	0	0	0	0	0	0	0	0	0	0	0	0	0	0	0	0	0	0	0	0	0	0	0	0	0	0	0	0	0	0	0	0	0	0	0	0	0	0	0	0	0	0	0	0	0	0	0	0	0	0	0	0	0	0	0	0	0	0	0	0	0	0	0	0	0	0	0	0	0	0	0	0	0	0	0	0	0	0	0	0	0	0	0	0	0	0	0	0	0	0	0	0	0	0	0	0	0	0	0	0	0	0	0	0	0	0	0	0	0	0	0	0	0	0	0	0	0	0	0	0	0
Actinomyces	0	0	0	0	0	0	0	0	0	0	0	0	0	0	0	0	0	0	0	0	0	0	0	0	0	0	0	0	0	0	0	0	0	0	0	0	0	0	0	0	0	0	0	0	0	0	0	0	0	0	0	0	0	0	0	0	0	0	0	0	0	0	0	0	0	0	0	0	0	0	0	0	0	0	0	0	0	0	0	0	0	0	0	0	0	0	0	0	0	0	0	0	0	0	0	0	0	0	0	0	0	0	0	0	0	0	0	0	0	0	0	0	0	0	0	0	0	0	0	0	0	0	0	0	0	0	0
Porphyromonas	0	22	0	0	0	0	0	0	0	0	0	0	0	0	0	0	0	0	0	0	0	0	23	0	1	9	4	0	0	0	0	0	0	0	0	0	0	0	0	0	0	0	0	0	0	0	0	0	0	0	0	9	1	0	0	0	13	0	0	0	0	0	0	0	0	0	0	0	0	0	0	0	0	4	0	0	0	0	0	0	0	0	72	0	0	0	0	8	0	0	0	0	1	0	0	0	1	0	0	0	1	0	494	0	0	0	3	93	0	24	1	14	0	0	0	3	0	0	57	7	81	1	0	0	0	0	0
Porphyromonas	0	0	0	0	0	0	0	0	0	0	0	0	0	0	0	0	0	0	0	0	0	2	0	0	0	0	0	0	0	0	0	0	0	0	0	0	0	0	0	0	0	0	0	0	0	0	0	3	0	0	0	0	0	0	0	0	0	0	3	1	0	0	0	0	0	0	0	0	0	0	0	0	0	0	0	0	0	0	0	0	0	1	0	0	0	0	0	1	0	0	0	0	0	0	0	0	0	0	0	0	0	0	0	0	0	0	0	0	2	1	0	0	0	0	0	0	0	0	0	0	0	0	0	0	0	0	0
Streptococcus	3	0	0	0	0	0	0	0	0	0	0	0	0	0	0	0	0	0	0	0	0	0	0	1	0	2	0	0	0	0	0	0	0	0	0	0	0	0	0	0	0	0	0	1	0	0	0	1	1	0	0	0	0	0	0	0	0	0	0	0	0	0	0	0	0	0	0	0	0	0	1	0	4	2	1	0	0	0	0	0	0	0	28	0	1	0	5	4	0	0	1	1	12	0	0	1	2	0	0	0	0	0	2	0	0	0	0	0	0	1	0	0	0	0	0	0	0	0	0	0	0	0	0	0	0	0	0
Veillonella	1469	25	505	526	98	9	0	1	18	0	0	2	894	2386	1047	2495	1475	1260	2184	1769	231	2	99	506	19	13	375	306	701	217	108	486	69	280	174.5	698	598	212	226	573	0	22	827	180	86	1424	146	35	54	151	386	550	234	177	100	818	71	102	27	179	476	160	15	775	132	341	17	522	1864	1275	1293	148	1039	338	292	900	1258	1406	9858	207	2208	376	89	81	535	8	92	157	931	551	837	1009	597	212	84	435	1031	226	448	735	800	216	48	157	1	19	12	633	17	149	309	9	1457	0	233	149	1464	351	774	661	782	536	40	4432	291	159	21
Porphyromonas	0	0	0	0	0	0	0	0	0	0	1	0	0	0	0	0	0	0	0	0	0	0	0	0	0	0	0	0	0	0	0	0	0	0	0	0	0	0	0	0	0	0	0	0	0	0	0	0	0	0	0	0	0	0	0	0	0	0	0	0	0	0	0	0	0	0	0	0	0	0	0	0	0	0	0	0	0	0	0	0	0	0	0	0	0	0	0	1	0	45	0	0	0	179	0	0	0	0	0	0	0	0	0	0	0	0	0	0	0	0	0	0	0	0	0	5	0	0	0	0	0	0	3	0	0	0	0
Streptococcus	0	0	0	0	0	0	0	0	0	0	0	0	0	0	0	0	0	0	0	0	0	0	0	0	0	0	0	0	0	0	0	0	0	0	0	0	0	0	0	0	0	0	0	0	0	0	0	0	0	0	0	0	0	0	0	0	0	0	0	0	0	0	0	0	0	0	0	0	0	0	0	0	0	0	0	0	0	0	0	0	0	0	0	0	0	0	0	0	0	0	0	0	0	0	0	0	0	0	0	0	0	0	0	0	0	0	0	0	0	0	0	0	0	0	0	0	0	0	0	0	0	0	0	0	0	0	0
Porphyromonas	0	1	0	0	0	0	0	0	0	0	0	0	0	0	0	0	0	0	0	0	0	0	0	0	0	0	0	0	0	0	0	0	0	0	0	0	0	0	0	0	0	0	0	0	0	0	0	0	0	0	3	1	0	0	0	0	0	0	3	0	0	0	0	0	0	0	0	0	0	0	0	0	0	0	0	0	0	0	0	0	0	2	0	0	0	0	0	1	0	0	0	0	1	0	0	0	0	0	0	0	0	0	2	0	0	0	1	0	2	0	0	2	0	0	0	0	0	0	0	0	0	0	0	0	0	0	0
Streptococcus	26	28	44	290	281	485	65	187	20	0	0	0	687	70	1	6	6	2	1	1	5	6	70	5	18	59	100	5	4	9	0	3	4	5	4.5	13	4	0	6	5	0	0	0	15	0	1671	208	91	108	11	3	7	38	294	45	79	31	16	19	0	3	0	69	57	0	2	1	14	389	4	0	6	251	459	5	0	27	2	46	416	60	0	5	596	1382	0	27	26	4032	0	1245	380	34	0	8	0	115	0	0	27	64	2413	72	732	0	0	3	24	5	12	118	3	353	0	932	64	38	235	102	467	89	158	32	66	138	15	0
Streptococcus	0	0	0	0	0	0	0	0	0	0	0	0	0	0	0	0	0	0	0	0	0	0	0	0	0	0	0	0	0	0	0	0	0	0	0	0	0	0	0	0	0	0	0	0	0	0	0	0	0	0	0	0	0	0	0	0	0	0	0	0	0	0	0	0	0	0	0	0	0	0	0	0	0	0	0	0	0	0	0	0	0	0	0	0	0	0	0	0	0	0	0	0	0	0	0	0	0	0	0	3	0	0	0	0	0	0	0	0	0	0	0	0	0	0	0	0	0	0	0	0	0	0	0	0	0	0	0
Porphyromonas	0	0	0	0	0	0	0	0	0	0	0	0	0	0	0	0	0	0	0	0	0	0	0	0	0	0	1	0	0	0	0	0	0	0	0	0	0	0	0	0	0	0	0	0	0	0	0	0	0	0	0	0	0	0	0	0	0	0	0	0	0	0	0	0	0	0	0	0	0	0	0	0	0	0	0	0	0	0	0	0	0	0	2	0	0	0	0	43	0	0	0	0	27	0	4	0	0	0	0	0	0	0	2	0	0	0	0	0	0	0	0	0	0	0	0	0	0	0	0	0	0	0	0	0	0	0	0
Fusobacterium	1	1	1	0	0	0	0	0	0	0	0	0	0	0	0	0	0	0	0	0	1	0	0	1	0	0	2	0	1	0	0	0	0	0	0	1	0	0	0	0	1	0	0	0	0	0	2	9	0	1	3	1	0	0	3	0	0	0	6	0	0	0	0	0	1	0	0	1	3	0	1	0	2	3	0	0	8	3	0	0	0	0	3	0	0	2	0	5	0	0	2	3	7	0	0	1	1	0	0	0	1	0	0	0	0	0	1	4	2	4	2	1	0	0	0	0	0	0	0	0	0	0	0	0	0	0	0
Streptococcus	0	0	0	0	0	0	0	4	0	0	0	0	0	0	2	0	0	0	0	0	0	0	0	0	0	0	0	0	0	0	0	3	0	0	0	0	0	0	1	0	0	0	0	0	0	0	1	1	0	0	1	0	2	0	1	1	0	0	0	0	0	0	0	0	0	0	0	0	3	1	0	1	1	0	0	0	0	0	0	0	0	0	15	1	0	0	5	0	0	0	2	4	5	0	0	1	1	0	4	0	0	0	0	0	0	0	0	0	0	0	0	0	0	0	0	0	0	0	0	2	0	1	0	0	0	0	0
Porphyromonas	3	0	0	0	0	0	0	0	0	0	0	0	0	0	0	0	0	0	0	0	0	0	0	0	0	0	0	0	0	0	1	0	0	0	0	0	0	0	0	0	0	0	0	0	0	0	0	1	0	0	6	3	1	0	1	0	0	0	1	0	0	0	0	0	0	0	0	0	0	0	0	0	0	0	0	0	0	0	0	0	0	0	0	0	0	0	0	2	0	0	0	0	1	0	0	0	0	0	0	0	0	0	0	0	0	0	2	0	3	0	0	2	0	0	0	0	0	0	0	0	0	0	0	0	0	0	0
Porphyromonas	0	0	0	0	0	0	0	0	0	32	65	47	0	0	0	0	0	0	0	0	0	0	0	0	0	0	0	0	0	0	0	0	0	0	0	0	0	0	0	0	0	0	0	0	0	0	0	0	0	0	0	0	0	0	0	0	0	0	0	0	0	0	0	0	0	0	0	0	0	0	0	0	0	0	0	0	0	0	0	0	0	0	0	0	0	0	0	0	0	0	0	0	0	2	0	0	0	0	0	0	0	0	0	0	0	0	0	0	0	0	0	0	0	0	0	0	0	0	0	0	0	0	0	0	0	0	0
Porphyromonas	0	0	0	0	0	0	0	0	0	2	4	0	0	0	0	0	0	0	0	0	0	0	0	0	0	0	0	0	0	0	0	0	0	0	0	0	0	0	0	0	0	0	0	0	0	0	0	0	0	0	0	0	0	0	0	0	2	0	0	0	0	0	0	0	0	0	0	0	0	0	0	0	0	0	0	0	0	0	0	0	0	0	0	0	0	0	0	0	0	0	0	0	0	1	0	0	0	0	0	0	0	0	0	0	0	0	0	0	0	0	0	0	0	0	0	0	0	0	0	0	0	0	0	0	0	0	0
Porphyromonas	0	0	0	0	0	0	0	0	0	0	0	0	0	0	0	0	0	0	0	0	0	0	0	0	0	0	0	0	0	0	0	0	0	0	0	0	0	0	0	0	0	0	0	0	0	0	0	0	0	0	0	0	0	0	0	0	0	0	0	0	0	0	0	0	0	0	0	0	0	0	0	0	0	0	0	0	0	0	0	0	0	0	0	0	0	0	0	0	0	0	0	0	0	0	0	0	0	0	0	0	0	0	7	0	0	0	0	0	0	0	0	0	0	0	0	0	0	0	0	0	0	0	0	0	0	0	0
Porphyromonas	219	0	57	622	117	0	0	0	0	0	0	0	99	29	0	0	0	0	0	0	602	707	64	93	3	4	178	0	0	0	0	0	0	0	0	0	0	0	0	2	0	0	0	0	0	66	47	2387	3	662	0	0	0	493	107	185	0	0	1443	3533	38	430	0	0	1763	4429	0	44	0	0	113	294	0	2	481	0	0	0	3	0	11	387	0	0	0	532	0	342	0	0	0	0	77	0	95	94	0	438	60	0	0	415	120	8	0	0	170	500	82	239	156	976	0	0	0	22	0	0	0	0	0	0	230	6	2	3	0
Porphyromonas	409	3016	0	5	1	6	2	0	0	0	0	0	0	0	0	7	11	0	0	0	721	948	0	1	0	0	0	0	0	40	2999	15	1	2	1.5	1	7	0	0	65	11636	11	1519	22	2024	67	64	1217	5	0	7915	5706	1391	1111	309	0	2101	5023	1669	2561	3700	1919	1028	74	1940	601	1	0	0	0	1	7	1	7	0	1	0	0	3	2036	22	2219	156	0	1	0	3	162	10	1	0	0	276	0	607	1	0	0	0	0	0	33	643	79	37	2	1806	2717	284	514	271	1551	6	8186	37	0	0	0	0	0	0	0	0	0	0	0	36
Porphyromonas	21	9	2	1	0	79	0	4	25	0	0	0	0	0	0	0	0	0	0	0	5	4	0	0	0	2	0	0	177	0	0	0	0	0	0	0	0	0	0	0	0	0	0	0	0	33	9	5	35	2	0	1	8	2	15	19	2	8	11	3	6	0	0	0	0	1	0	0	0	0	0	10	306	1	3	0	0	0	0	0	0	3	290	38	14	0	210	81	0	0	17	4	165	0	12	9	0	2	4	0	0	0	52	0	3	0	0	10	0	5	7	1	0	0	0	8	0	2	7	9	10	9	1	9	12	0	2
Porphyromonas	0	0	0	1	0	0	0	0	0	0	0	0	0	0	0	0	0	0	0	0	0	0	0	0	0	0	0	0	0	0	0	0	0	0	0	0	0	0	0	0	0	0	0	0	0	0	0	0	0	0	0	0	0	2	0	0	0	0	0	0	0	0	0	0	0	0	0	0	0	0	0	0	0	0	0	0	0	0	0	0	0	0	2	0	0	0	0	0	0	0	0	0	0	0	0	0	1	0	0	0	0	0	2	0	0	0	0	0	0	0	0	0	0	0	0	0	0	0	0	0	0	0	0	0	0	0	0
Porphyromonas	0	0	0	0	0	0	0	0	0	0	0	0	0	0	0	0	0	0	0	0	0	0	0	0	0	0	0	0	0	0	0	0	0	0	0	0	0	0	0	0	0	0	0	0	0	16	0	0	0	0	0	0	0	15	0	0	0	0	0	0	0	0	0	0	0	0	1	0	0	0	0	0	0	1	0	0	0	0	0	0	0	0	0	0	0	0	0	0	0	0	0	0	0	0	0	0	0	0	0	0	0	0	0	0	0	0	0	0	0	0	0	0	0	0	0	0	0	0	0	0	0	0	0	0	0	0	0
Porphyromonas	426	0	0	0	0	0	0	0	0	0	0	0	0	0	0	0	0	0	0	0	0	0	0	0	0	0	0	0	0	0	0	0	0	0	0	0	0	0	0	0	0	0	0	0	0	0	0	0	0	0	0	0	0	0	0	0	0	0	0	0	0	0	0	0	0	0	0	0	0	0	0	0	0	0	0	0	0	0	0	0	0	0	0	0	0	0	0	0	0	0	0	0	0	0	0	3	0	0	0	0	0	0	5	0	1	0	0	0	0	0	0	0	0	0	0	0	0	0	0	0	0	0	0	0	0	0	0
Porphyromonas	0	0	0	0	0	0	0	0	0	0	0	0	0	0	0	0	0	0	0	0	0	0	0	0	0	0	0	0	0	0	0	0	0	0	0	0	0	0	0	0	0	0	0	0	0	0	0	0	0	0	0	0	0	0	0	0	0	0	0	0	0	0	0	0	0	0	0	0	0	0	0	0	0	0	0	0	0	0	0	0	0	0	0	0	0	0	0	0	0	0	0	0	0	0	0	0	0	0	0	0	0	0	0	0	0	0	0	0	0	6	1	2	0	0	0	0	0	0	0	0	0	0	0	0	0	0	0
Porphyromonas	0	0	0	0	0	0	0	0	0	0	0	0	0	0	0	0	0	0	0	0	0	0	0	0	0	0	0	0	0	0	0	0	0	0	0	0	0	0	0	0	0	0	0	0	0	0	0	0	0	0	0	0	0	0	0	0	0	0	0	0	0	0	0	0	0	0	0	0	0	0	0	0	0	0	0	0	0	0	0	0	0	0	0	0	0	0	0	0	0	0	0	0	0	0	0	0	0	0	0	0	0	0	0	0	0	0	0	4	0	1	0	0	0	0	0	0	0	0	0	0	0	0	0	0	1	0	0
Porphyromonas	0	0	0	0	0	0	0	0	0	71	149	101	0	0	0	6	0	0	0	0	0	0	0	0	0	0	0	0	0	0	0	0	0	0	0	0	0	0	0	0	0	0	0	0	0	0	0	0	0	1	0	0	0	0	0	0	0	0	0	0	0	0	0	0	0	0	0	0	0	0	0	0	0	9	0	0	0	0	0	0	0	0	0	0	0	0	0	16	0	15	0	0	0	10	0	0	0	0	0	0	0	0	0	0	0	1	0	0	0	4	3	1	0	0	0	0	0	0	0	0	0	0	0	0	0	0	0
Streptococcus	0	0	0	0	0	0	0	0	0	0	0	0	0	0	0	0	0	0	0	0	0	0	0	0	0	0	0	0	0	0	0	0	0	0	0	0	0	0	0	0	0	0	0	0	0	0	0	0	0	0	0	0	0	0	0	0	0	0	0	0	0	0	0	0	0	0	0	0	0	0	0	0	0	0	0	0	0	0	0	0	0	0	0	0	0	0	0	0	0	0	0	0	0	0	0	0	0	0	0	0	0	0	0	0	0	0	0	0	0	0	0	0	0	0	0	0	0	0	0	0	0	0	0	0	0	0	0
Streptococcus	833	2	0	230	91	0	0	0	0	6	21	0	26	2	44	178	66	220	152	13	2	0	4	27	0	0	48	0	169	33	68	1324	26	75	50.5	346	361	657	163	0	0	1	24	79	13	89	0	0	0	0	0	0	0	179	0	0	0	0	0	0	1	0	0	0	2	0	2	117	25	366	6	0	289	1	0	178	1271	682	39	38	6	102	0	0	0	15	0	0	0	952	0	226	2	390	1	0	0	5	9	1	58	0	17	0	0	16	1	0	4	2	0	1	0	0	0	0	0	0	0	0	0	0	0	0	0	0	0
Streptococcus	0	1	0	0	0	0	0	0	0	0	0	0	0	0	0	0	0	0	0	0	3	1	2	0	3	5	2	0	0	10	1	34	0	0	0	0	25	0	26	0	0	0	0	7	0	38	0	1	1	0	0	0	0	12	0	0	0	0	0	0	64	0	1	0	0	0	0	0	5	0	1	1	0	0	3	0	0	1	0	0	0	0	2	1	0	1	0	0	117	0	0	1	1	0	2	0	0	0	0	0	0	0	8	0	0	0	1	7	3	1	1	5	0	0	5	0	1	12	13	82	0	8	0	0	0	0	7
Streptococcus	0	0	2	0	0	0	0	0	0	2	1	20	0	0	0	0	0	0	0	0	0	0	9	1	0	0	13	0	0	3	5	0	0	0	0	0	0	0	0	0	0	0	5	0	6	0	4	3	0	6	0	0	0	0	2	1	0	0	28	0	0	0	0	2	0	0	0	0	0	0	0	0	0	1	0	0	0	0	0	0	0	0	0	0	0	2	0	0	0	0	0	3	0	0	0	1	0	6	0	0	0	0	1	0	0	0	0	0	0	1	0	0	0	0	0	0	0	0	0	0	0	0	0	0	0	0	0
Streptococcus	0	1	6	0	0	3	0	0	0	8	4	30	0	0	0	3	0	0	0	0	0	0	49	7	0	0	22	0	0	1	11	0	0	0	0	0	0	0	0	0	0	0	13	0	25	0	5	7	0	16	0	0	0	0	6	2	0	0	71	0	0	0	0	5	0	0	0	0	0	0	0	0	0	4	0	0	0	0	0	0	0	0	0	0	0	2	0	1	0	0	2	6	0	0	0	3	0	7	0	0	0	0	2	0	0	0	0	0	0	1	0	0	1	0	0	0	0	0	0	0	0	0	0	0	0	0	0
Streptococcus	41	6	0	15	22	0	0	0	0	0	0	0	0	0	0	0	0	0	0	0	0	1	0	0	2	0	0	3	285	0	0	0	3	2	2.5	17	3	3	0	51	20	0	0	0	0	479	74	218	166	45	1	0	0	5	150	274	0	0	338	7	3	0	0	0	1	2	10	0	64	0	1	2	0	0	2	1	3	0	7	123	17	3	60	0	0	7	0	2	2	0	0	0	5	0	0	0	18	0	0	0	4	1	34	0	0	0	0	0	0	0	0	0	0	0	0	0	0	7	24	4	13	12	0	0	0	0	0
Streptococcus	0	0	0	0	0	0	0	0	0	0	0	0	0	0	0	0	0	0	0	0	0	0	0	0	0	0	0	0	0	0	0	0	0	0	0	0	0	0	0	0	0	0	0	0	0	0	0	0	0	0	0	0	0	0	0	0	0	0	0	0	0	0	0	0	0	0	0	0	0	0	0	0	0	0	0	0	0	0	0	0	0	0	0	0	0	0	0	0	0	0	0	0	0	0	0	0	0	0	0	6	28	0	0	0	0	0	0	0	0	0	0	0	0	0	0	0	0	0	0	0	0	0	0	0	0	0	0
Streptococcus	685	83	1352	930	416	2	1	21	0	0	0	0	475	3240	528	247	221	635	462	28	2365	216	199	11	7	25	394	1461	1058	180	581	285	369	1497	933	2713	215	263	151	126	8	2	139	213	28	33	22	19	13	5	146	288	798	3	54	85	2	0	34	0	0	4	3	4	0	3	4	198	572	184	0	295	109	34	603	20	395	82	5338	9	3193	19	34	7	81	7	280	164	114	0	60	34	295	0	39	0	394	1	0	23	33	19	67	3	0	1	1	114	1	2	4	0	4	0	12	3	0	16	23	179	34	14	4	3	0	3	98
Streptococcus	0	18	0	352	311	0	0	0	0	177	79	36	5	374	90	866	488	315	344	199	2	1	0	0	0	0	0	439	1540	239	955	12	154	518	336	715	1179	648	766	493	657	0	283	65	1298	619	1	397	507	40	3050	2305	676	136	0	12	26	3	0	55	24	22	0	0	762	330	3	0	169	222	176	7	0	356	2	77	143	1220	3	334	5	1	4	0	0	933	58	76	153	0	0	1	84	0	52	553	2	3	3	2	57	1170	2	45	0	11	0	0	0	0	0	0	1	0	0	0	0	1	0	0	2	0	2	0	0	0	303
Streptococcus	0	0	0	0	0	0	0	0	0	0	0	0	0	0	0	0	0	0	0	0	0	0	0	0	0	0	0	0	0	0	0	0	0	0	0	0	0	0	0	0	0	0	0	0	0	0	0	0	0	0	0	0	0	0	0	0	0	6	0	0	0	0	0	0	0	0	0	0	0	0	0	0	0	0	0	0	0	0	0	0	0	0	0	0	0	0	0	0	0	0	0	0	0	0	0	0	0	0	0	0	0	0	0	0	0	0	0	0	0	0	0	0	0	0	0	0	0	0	0	0	0	0	0	0	0	0	0
Streptococcus	344	531	1209	48	100	1267	399	934	175	2	6	4	740	141	680	787	227	187	359	107	917	1077	2549	793	2281	1273	3570	306	706	3739	947	8629	630	2455	1542.5	3587	4398	560	3362	2469	112	178	652	2307	1161	759	1997	1191	3326	997	258	391	1742	212	259	1667	1132	1284	505	108	182	26	20	495	8	197	28	760	215	2855	117	195	3000	398	105	209	96	101	128	37	864	93	3337	548	624	468	2572	609	339	717	953	129	5571	83	512	1424	30	1259	1683	44	181	1892	571	280	12	13	27	1383	28	107	121	89	347	0	682	1781	290	546	1013	981	434	725	397	339	963	206	123
Streptococcus	0	3	0	0	90	0	0	0	0	0	2	0	2214	214	0	0	0	0	0	0	1	0	0	0	0	0	0	0	1	0	0	0	0	4	2	80	0	1	0	0	0	0	0	0	0	14	0	0	0	0	5	8	6	0	0	0	0	0	1	1	2371	0	8	3	0	0	2	0	3054	58	0	3	0	28	4	6	2149	14	6	54	8	0	0	0	3	24	0	0	41	0	36	8	0	0	85	0	8	92	0	14	17	5	0	9	0	1	0	0	0	0	0	0	6	0	68	0	0	0	0	0	0	1	0	0	0	0	1
Streptococcus	5	18	28	32	11	8	14	118	505	3	2	2	1	16	108	57	555	74	95	7	10	18	0	0	0	0	0	4	156	22	20	120	2	4	3	20	268	20	29	125	55	22	15	136	4	23	3	0	9	2	40	17	89	3	1	13	0	0	2	2	611	0	1108	260	0	2	28	143	161	10	286	42	805	126	13	156	11	93	7	0	158	9	107	618	192	34	33	9	65	7	171	37	292	5	91	487	12	160	56	20	69	82	8	4	0	12	0	3	0	1	2	2	1582	3	774	191	23	18	11	62	4	32	102	92	559	3	2
Streptococcus	0	0	0	0	0	0	0	0	0	0	0	0	0	0	0	1	0	0	0	0	0	0	0	0	0	0	0	0	0	0	0	0	0	0	0	2	1	0	0	0	0	0	0	4	0	0	0	0	0	0	0	0	0	0	0	0	0	0	0	0	0	0	0	0	0	0	0	0	0	0	0	0	0	0	0	0	0	0	0	0	0	0	0	0	3	0	0	0	0	0	1	0	0	0	0	0	0	0	0	0	0	0	0	0	0	0	0	0	0	0	0	0	0	0	0	0	0	0	0	0	0	0	0	0	1	0	0
Streptococcus	0	0	0	0	0	0	0	1	1	0	0	0	0	0	0	0	3	0	0	0	3	2	0	0	0	1	0	0	0	0	0	1	0	0	0	0	0	0	0	0	0	0	0	3	0	66	32	11	179	9	0	0	0	42	3	25	0	0	1	0	0	0	0	0	0	0	0	0	0	0	1	0	8	0	0	0	0	1	0	0	1	0	96	10	10	0	31	15	1	0	5	0	47	0	2	0	0	0	0	0	0	0	1	0	0	0	1	15	1	3	0	1	1	0	0	1	0	2	2	12	0	2	0	0	0	0	7
Streptococcus	0	0	0	16	7	0	0	0	0	11	14	9	1	1	8	22	58	3	0	0	5	1	0	0	0	0	0	0	0	3	1	1	0	0	0	1	1	1	4	12	6	1	0	7	0	29	0	0	0	0	27	32	37	13	0	0	1	0	0	2	301	0	19	4	0	0	2	1	31	0	2	24	0	15	10	93	35	41	0	0	5	1	0	337	100	9	2	1	15	0	133	32	7	0	0	44	2	36	6	671	1438	4	7	0	0	21	1	4	0	0	0	0	5	0	1	0	0	0	0	3	1	2	0	2	4	0	17
Streptococcus	1	30	1	134	2196	0	0	0	0	4	0	0	41	108	1897	1457	8368	868	792	176	2853	28	8	2	2	0	2	22	342	22	2	3	49	216	132.5	1465	11	352	14	84	55	3	0	19	0	21	0	0	0	0	12	15	25	93	0	0	1	0	0	7	672	3	735	74	1	2	10	0	260	225	18	29	0	2	37	1	19	7	6	1	101	6	41	18	5	20	2	0	100	9	8	4	136	12	23	0	6	2	0	41	66	571	4	55	2	4	0	9	0	1	1	1	1869	8	1966	122	14	1	0	2	1	3	45	31	204	3	10
Streptococcus	0	1	2	0	0	3	0	0	53	0	0	0	0	0	11	0	0	6	3	0	0	0	0	0	0	0	0	0	0	0	0	0	0	0	0	0	0	0	0	0	0	0	0	0	2	2	0	0	0	0	0	1	0	0	0	0	0	0	0	4	2	3	0	0	0	0	0	10	0	0	0	1	0	0	2	0	0	0	0	0	0	0	0	0	0	0	0	0	0	0	0	0	0	0	0	1	0	11	0	0	0	1	0	0	0	0	0	0	0	0	0	0	2	0	0	0	0	0	0	0	0	0	0	0	0	0	0
Streptococcus	113	371	3736	1167	4942	1181	229	2395	591	0	0	0	40	1295	2571	655	284	1160	1041	1137	94	26	3588	1014	2096	379	329	736	111	236	53	623	1580	6205	3892.5	372	240	257	252	872	219	36	33	180	56	2402	1	11	124	6	45	48	438	215	2	2	545	73	1	186	351	1389	0	0	4	235	4	0	1917	1479	270	863	749	13	135	424	658	79	0	51	25	0	15	199	2350	186	10	1	635	0	1676	333	21	0	75	687	1731	601	659	16	18	142	56	86	1	0	148	266	0	1	17	1	2	0	34	1	2	2720	2285	4740	2814	1939	3	0	3	0	379
Streptococcus	0	0	0	0	0	0	0	0	0	0	0	0	0	0	0	0	0	0	0	0	0	0	0	0	0	0	0	0	0	0	0	0	0	0	0	0	0	0	0	0	0	0	0	0	0	0	0	0	0	0	0	0	0	0	0	0	0	0	0	0	0	0	0	0	0	0	0	0	0	0	0	0	0	0	0	0	0	0	0	0	2	0	0	0	0	0	0	0	0	0	0	0	0	0	0	0	0	0	0	0	0	0	0	0	0	0	0	0	0	0	0	0	0	0	0	0	0	0	0	0	0	0	0	0	0	0	0
Streptococcus	0	0	0	0	0	0	0	0	0	0	0	0	0	0	0	0	0	0	0	0	0	0	0	0	0	0	0	0	0	0	0	0	0	0	0	0	0	0	0	0	0	0	0	0	0	0	0	0	0	0	0	0	0	0	0	0	0	0	0	0	0	0	0	0	0	0	0	0	0	0	0	0	0	0	0	0	0	0	0	0	0	0	0	0	0	0	0	0	0	0	0	0	0	0	0	0	0	0	0	783	781	1	0	0	0	3	0	0	0	0	0	0	0	0	0	0	0	0	0	0	0	0	0	0	0	0	0
Streptococcus	55	6	367	0	0	2	0	8	3	0	0	0	179	134	14	14	15	7	13	4	1	0	5	3	3	0	3	115	235	4	0	0	19	68	43.5	44	1	20	1	727	69	0	0	2	0	0	25	1	1	0	0	0	2	0	0	1	0	0	0	50	0	6	22	4	1	6	0	0	18	418	21	0	1188	1887	0	183	182	395	0	21	18	2	33	0	45	0	329	168	0	1	32	12	215	1	3	3	12	0	0	0	0	0	0	0	0	0	0	1	0	2	1	0	6	0	5	0	0	6	1	2	0	9	0	0	0	0	0
Streptococcus	0	3	8	0	0	0	0	0	0	0	0	0	0	0	0	1	4	0	0	0	3	6	28	4	5	9	4	0	0	7	0	24	0	0	0	0	24	0	13	0	1	0	1	14	0	72	20	6	191	3	3	7	19	19	2	23	0	0	13	0	209	0	0	0	0	0	4	0	19	0	3	1	0	0	2	52	2	48	0	0	0	0	5	109	29	53	1	0	26	0	40	8	10	0	29	0	0	0	0	0	0	0	18	0	0	0	0	10	1	5	3	2	0	0	0	13	11	228	64	167	7	45	9	8	79	1	22
Streptococcus	4	0	0	0	0	0	0	0	0	14	13	10	39	6	0	0	1	0	0	0	0	0	0	0	0	0	0	0	0	0	0	0	0	1	0.5	0	0	0	0	0	0	0	0	0	0	7	0	0	4	0	0	0	0	0	0	1	0	0	1	0	4	0	0	0	0	0	13	1	1	0	0	0	0	0	0	0	0	0	0	5	0	0	2	0	0	0	0	0	59	0	0	0	13	0	0	0	0	0	0	0	0	0	0	0	0	0	0	0	0	0	0	0	0	0	0	0	0	1	2	10	2	25	0	2	0	0	0
Veillonella	1	10	1	2	0	1	0	23	1509	2	0	4	5	4	61	166	112	40	86	25	1	0	0	0	0	0	0	0	35	34	2	46	1	1	1	8	25	3	2	2	0	0	0	20	0	0	1	1	1	6	24	20	12	0	0	65	0	0	5	2	37	0	47	250	2	0	2	0	21	13	76	7	1	4	2	12	5	17	6	0	16	19	4	98	60	8	1	0	8	136	62	21	53	48	10	4	0	4	1	1	25	5	6	0	0	2	0	0	0	3	2	0	367	3	327	96	203	6	89	5	3	7	28	172	123	207	7
Veillonella	113	5	197	21	55	408	30	209	1920	0	0	0	619	110	28	29	80	182	195	104	243	2	37	24	2	4	41	178	279	27	8	79	23	91	57	260	69	65	0	290	3	0	1	26	0	304	6	4	22	0	20	33	16	26	1	14	9	8	1	24	226	7	97	59	8	94	8	149	42	881	301	127	0	392	246	193	178	188	24	14	212	18	46	80	48	10	28	4	296	247	58	10	308	101	9	43	413	83	23	217	34	9	16	0	7	1	1	0	1	4	8	0	894	0	407	190	17	90	22	95	21	115	106	108	929	30	36
Veillonella	0	0	53	12	32	0	0	0	0	0	0	1	115	30	0	13	3	1	1	0	92	0	25	467	7	6	317	17	20	56	15	174	4	21	12.5	37	241	26	66	553	2	0	258	65	8	0	0	0	2	0	2	143	48	0	4	43	0	0	1	88	0	11	0	183	108	34	0	3	311	25	198	0	0	528	0	0	0	0	9	3	2	0	19	0	0	7	36	20	0	166	0	2	203	118	46	123	11	51	150	555	143	0	0	0	0	6	0	1	0	0	0	0	312	0	23	0	0	67	243	164	190	196	0	4	0	0	0
Veillonella	0	1	8	1	0	0	0	0	0	0	0	0	1	13	38	1	15	33	18	15	7	7	5	0	2	3	0	0	5	0	0	0	0	1	0.5	14	0	0	0	9	2	0	0	0	0	20	11	2	5	1	2	0	0	0	0	5	0	1	1	0	63	0	0	0	0	0	0	1	7	1	2	0	0	1	0	17	0	12	0	0	3	0	31	25	4	15	7	9	7	2	8	6	51	1	25	0	0	1	1	1	0	43	92	10	0	0	0	5	1	1	3	2	0	0	0	2	0	24	42	25	16	32	2	5	7	0	6
Veillonella	0	0	0	0	4	0	0	0	0	0	0	0	0	0	0	0	0	0	0	0	0	0	0	1	0	0	0	0	0	0	0	0	0	0	0	0	0	0	0	0	0	0	0	0	0	0	0	0	0	0	0	0	0	11	0	0	8	16	0	0	0	0	0	0	0	0	0	0	0	0	0	0	0	0	0	0	0	0	0	0	0	0	0	0	0	0	0	0	0	0	0	0	0	0	0	0	0	0	0	0	0	0	0	0	0	0	0	1	0	0	0	0	0	0	0	0	0	0	0	0	0	0	0	0	0	0	0
Veillonella	0	0	0	0	0	0	0	0	0	0	0	0	0	0	0	0	0	0	0	0	0	0	0	0	0	0	0	0	3	0	2	8	0	0	0	0	17	4	0	0	0	0	1	5	0	0	0	0	0	0	5	2	1	0	0	0	0	0	0	0	0	0	0	0	0	0	1	0	4	0	0	1	0	0	1	0	0	0	0	0	0	0	0	0	0	0	0	0	0	34	1	0	0	85	0	0	0	0	0	0	0	0	0	1	0	0	0	0	0	0	1	0	0	0	0	0	0	0	0	0	0	0	0	0	0	0	0
Veillonella	0	0	0	0	0	0	0	0	0	0	0	0	0	0	0	0	0	0	0	0	5	4	0	0	0	0	0	0	1	0	0	0	0	0	0	0	0	0	0	0	0	0	0	0	0	4	0	0	0	0	0	0	0	0	0	0	0	0	0	0	0	0	0	0	0	0	0	0	0	0	0	0	0	0	0	0	0	0	0	0	0	0	0	0	0	0	0	0	0	0	0	0	0	0	0	0	0	0	0	0	0	0	0	0	0	0	0	2	0	0	0	0	0	0	0	0	0	0	0	0	0	0	0	0	0	0	0
Total	23532	19549	16167	19461	19135	18921	4005	15652	30454	12351	15591	28782	21110	23413	17784	12104	18859	9932	13609	10304	21320	18634	15998	11931	9167	5253	15718	13237	16475	11204	18679	24716	5582	22148	13865	24182	19932	14077	8870	17797	27239	718	15908	10251	17943	27397	15526	26856	19993	16514	27400	26958	20145	13949	6723	20995	12997	15112	31758	26782	27382	10913	8501	17991	22502	22405	594	8889	26561	18896	16361	21458	23252	19864	15398	14431	15397	18796	19215	9726	10874	15892	12788	7377	19175	11684	9484	10312	21201	18510	20363	19373	21749	20654	7449	12336	15793	18938	8735	21416	23763	22514	13127	3771	606	1753	12242	19818	3964	22161		20028	17819	13643	9892	9387	9731	9419	11913	18544	13081	9275	8379	14930	9095	12028	9301
